I|2476486|613888|619121|5842|0
I|2477046|617674|619261|9786|0
I|2477814|618734|619453|8562|0
I|2477906|619476|619476|0|115
I|2479446|614476|619861|4426|0
I|2480698|620174|620174|0|3314
I|2480702|619084|620175|1530|0
I|2481022|616947|620255|4736|0
I|2483614|606080|620903|9395|0
I|2483838|605040|620959|5253|0
I|2483906|620976|620976|0|7268
I|2484118|618858|621029|6813|0
I|2484978|621244|621244|0|1591
I|2485106|621276|621276|0|5655
I|2487002|621750|621750|0|4724
I|2488554|622138|622138|0|8941
I|2489202|622300|622300|0|2483
I|2489726|614938|622431|4813|0
I|2489774|615920|622443|527|0
I|2490538|622634|622634|0|6337
I|2490662|620194|622665|475|0
I|2490786|622696|622696|0|7105
I|2491110|622120|622777|6464|0
I|2491846|622188|622961|6231|0
I|2491922|622980|622980|0|6721
I|2493054|622716|623263|4863|0
I|2493158|622114|623289|2179|0
I|2494410|623602|623602|0|405
I|2495754|623938|623938|0|5073
I|2497010|624252|624252|0|9887
I|2497130|624282|624282|0|6112
I|2497370|624342|624342|0|315
I|2498610|624652|624652|0|7341
I|2499078|622792|624769|4716|0
I|2501446|623150|625361|5515|0
I|2501518|622426|625379|241|0
I|2501530|625382|625382|0|2142
I|2501694|623558|625423|2782|0
I|2501746|625436|625436|0|3614
I|2501934|622482|625483|6631|0
I|2502150|625408|625537|8980|0
I|2502534|624358|625633|5058|0
I|2504186|626046|626046|0|5838
I|2504734|621982|626183|3161|0
I|2504834|626208|626208|0|7186
I|2504990|625270|626247|1852|0
I|2506138|626534|626534|0|9409
I|2506414|626434|626603|1411|0
I|2507226|626806|626806|0|5767
I|2507934|609754|626983|1507|0
I|2509110|623002|627277|5383|0
I|2509602|627400|627400|0|5866
I|2510502|615776|627625|9797|0
I|2510522|627630|627630|0|7390
I|2512894|620312|628223|1863|0
I|2513702|618474|628425|4095|0
I|2514630|621376|628657|8214|0
I|2515746|628936|628936|0|9701
I|2519122|629780|629780|0|3415
I|2519770|629942|629942|0|5717
I|2521990|630144|630497|8572|0
I|2522202|630550|630550|0|3817
I|2522242|630560|630560|0|5010
I|2523066|630766|630766|0|440
I|2526542|619286|631635|3881|0
I|2526550|614032|631637|2168|0
I|2527278|626958|631819|8562|0
I|2527366|622552|631841|8118|0
I|2528110|625052|632027|340|0
I|2529470|624840|632367|6328|0
I|2531346|632836|632836|0|3189
I|2531990|613130|632997|9706|0
I|2532682|633170|633170|0|1020
I|2533202|633300|633300|0|5041
I|2533542|624978|633385|9863|0
I|2535350|630104|633837|1923|0
I|2537418|634354|634354|0|9515
I|2537626|634406|634406|0|2747
I|2537822|625162|634455|1568|0
I|2537914|634478|634478|0|728
I|2538134|634354|634533|9515|0
I|2538530|634632|634632|0|6930
I|2538990|634747|634747|0|494
I|2539118|624626|634779|92|0
I|2539146|634786|634786|0|3010
I|2539678|630784|634919|7946|0
I|2539862|634747|634965|494|0
I|2541162|635290|635290|0|8980
I|2541910|631010|635477|2816|0
I|2543478|635648|635869|9329|0
I|2543942|625388|635985|5916|0
I|2544010|636002|636002|0|5831
I|2544922|636230|636230|0|782
I|2546682|636670|636670|0|7475
I|2548190|631814|637047|5367|0
I|2548758|628988|637189|7239|0
I|2552942|605928|638235|5845|0
I|2553050|638262|638262|0|5410
I|2553266|638316|638316|0|6184
I|2553406|630332|638351|1423|0
I|2556078|639019|639019|0|441
I|2557878|631678|639469|6836|0
I|2560750|614228|640187|9331|0
I|2560922|640230|640230|0|5631
I|2562762|640690|640690|0|1621
I|2563382|622024|640845|3309|0
I|2565082|641270|641270|0|8488
I|2565626|641406|641406|0|4968
I|2566518|634518|641629|7140|0
I|2566982|640874|641745|1136|0
I|2567118|640374|641779|8544|0
I|2567766|619636|641941|7341|0
I|2568006|641416|642001|8898|0
I|2568010|642002|642002|0|4313
I|2568710|640586|642177|4330|0
I|2568806|631066|642201|8473|0
I|2568854|638742|642213|2409|0
I|2570034|642508|642508|0|5664
I|2571674|642918|642918|0|8575
I|2572090|643022|643022|0|7287
I|2572266|643066|643066|0|2985
I|2572930|643232|643232|0|374
I|2573566|631720|643391|2780|0
I|2573738|643434|643434|0|980
I|2574634|643658|643658|0|6168
I|2574654|638790|643663|9938|0
I|2574702|642722|643675|7390|0
I|2575522|643880|643880|0|6210
I|2575670|636922|643917|4982|0
I|2575850|643962|643962|0|8956
I|2577878|625822|644469|6895|0
I|2578434|644608|644608|0|9378
I|2578854|610096|644713|3658|0
I|2579722|644930|644930|0|7558
I|2581034|645258|645258|0|6865
I|2581858|645464|645464|0|5369
I|2582230|631270|645557|8327|0
I|2582358|641056|645589|5778|0
I|2583894|638468|645973|8369|0
I|2585058|646264|646264|0|8194
I|2585462|627682|646365|5603|0
I|2586546|646636|646636|0|4946
I|2588070|644268|647017|504|0
I|2588394|647098|647098|0|6436
I|2589058|647264|647264|0|3749
I|2589438|639330|647359|1193|0
I|2590814|643820|647703|2410|0
I|2590950|638786|647737|2798|0
I|2591030|628504|647757|9687|0
I|2591102|625898|647775|842|0
I|2591242|647810|647810|0|2856
I|2592762|648190|648190|0|8180
I|2593106|648276|648276|0|5656
I|2594342|646674|648585|9093|0
I|2594522|648630|648630|0|4309
I|2595114|648778|648778|0|6840
I|2595830|646730|648957|5432|0
I|2596750|641898|649187|3394|0
I|2598714|649678|649678|0|6207
I|2599390|646206|649847|4832|0
I|2599714|649928|649928|0|2529
I|2601318|631754|650329|5801|0
I|2601550|628572|650387|2467|0
I|2601666|650416|650416|0|38
I|2601678|646406|650419|5743|0
I|2601686|647498|650421|5625|0
I|2601690|650422|650422|0|6443
I|2601694|647472|650423|5111|0
I|2601698|650424|650424|0|4482
I|2601702|650286|650425|3967|0
I|2601722|650430|650430|0|8128
I|2601738|650434|650434|0|6980
I|2601742|639140|650435|8920|0
I|2601750|646914|650437|8193|0
I|2601754|650438|650438|0|125
I|2601766|649156|650441|491|0
I|2601790|649646|650447|814|0
I|2601798|638580|650449|8394|0
I|2601802|650450|650450|0|9079
I|2601810|650452|650452|0|7791
I|2601818|650454|650454|0|8165
I|2601822|639684|650455|7115|0
I|2601826|650456|650456|0|4121
I|2601838|644192|650459|8833|0
I|2601846|645224|650461|2040|0
I|2601882|650470|650470|0|1531
I|2601898|650474|650474|0|5550
I|2601906|650476|650476|0|2768
I|2601910|639662|650477|7363|0
I|2601934|649462|650483|6846|0
I|2601946|650486|650486|0|4348
I|2601950|648344|650487|4989|0
I|2601958|623592|650489|7781|0
I|2601970|650492|650492|0|4590
I|2601978|650494|650494|0|5481
I|2601986|650496|650496|0|2069
I|2601990|643578|650497|2403|0
I|2602002|650500|650500|0|5369
I|2602014|645770|650503|9359|0
I|2602042|650510|650510|0|5690
I|2602062|638186|650515|235|0
I|2602066|650516|650516|0|6316
I|2602070|631564|650517|5037|0
I|2602074|650518|650518|0|8671
I|2602078|644842|650519|4006|0
I|2602082|650520|650520|0|4791
I|2602098|650524|650524|0|5538
I|2602102|648802|650525|2036|0
I|2602114|650528|650528|0|2248
I|2602130|650532|650532|0|9084
I|2602134|647118|650533|5002|0
I|2602146|650536|650536|0|6399
I|2602154|650538|650538|0|8828
I|2602162|650540|650540|0|2158
I|2602166|646332|650541|4101|0
I|2602178|650544|650544|0|5400
I|2602182|643482|650545|8073|0
I|2602186|650546|650546|0|8790
I|2602194|650548|650548|0|886
I|2602198|644638|650549|4111|0
I|2602202|650550|650550|0|2486
I|2602214|647704|650553|5510|0
I|2602222|647444|650555|3291|0
I|2602226|650556|650556|0|7440
I|2602234|650558|650558|0|7288
I|2602246|649868|650561|2500|0
I|2602258|650564|650564|0|7298
I|2602262|646352|650565|6471|0
I|2602270|649974|650567|4137|0
I|2602274|650568|650568|0|3839
I|2602286|639516|650571|2020|0
I|2602290|650572|650572|0|1430
I|2602294|647162|650573|5491|0
I|2602310|644334|650577|3648|0
I|2602330|650582|650582|0|5716
I|2602350|649574|650587|9710|0
I|2602374|646104|650593|8302|0
I|2602378|650594|650594|0|2679
I|2602382|649754|650595|6154|0
I|2602386|650596|650596|0|4410
I|2602406|649860|650601|350|0
I|2602418|650604|650604|0|65
I|2602422|635418|650605|9073|0
I|2602442|650610|650610|0|1620
I|2602474|650618|650618|0|1309
I|2602486|636992|650621|6863|0
I|2602502|648582|650625|9564|0
I|2602514|650628|650628|0|9878
I|2602526|648246|650631|4032|0
I|2602542|649746|650635|8612|0
I|2602546|650636|650636|0|8738
I|2602566|643058|650641|7474|0
I|2602574|631328|650643|7583|0
I|2602590|646398|650647|5224|0
I|2602594|650648|650648|0|1826
I|2602610|650652|650652|0|4716
I|2602614|647314|650653|1346|0
I|2602626|650656|650656|0|9083
I|2602638|608412|650659|7909|0
I|2602650|650662|650662|0|1275
I|2602654|642464|650663|7265|0
I|2602658|650664|650664|0|91
I|2602662|645428|650665|5208|0
I|2602666|650666|650666|0|4664
I|2602670|628858|650667|5380|0
I|2602674|650668|650668|0|3426
I|2602678|637418|650669|108|0
I|2602690|650672|650672|0|337
I|2602694|629016|650673|9280|0
I|2602714|650678|650678|0|4955
I|2602730|650682|650682|0|7533
I|2602758|634392|650689|9136|0
I|2602762|650690|650690|0|1966
I|2602766|648210|650691|9084|0
I|2602790|649052|650697|1885|0
I|2602802|650700|650700|0|4733
I|2602806|639266|650701|5399|0
I|2602818|650704|650704|0|1809
I|2602830|636382|650707|3351|0
I|2602850|650712|650712|0|227
I|2602858|650714|650714|0|7383
I|2602870|641032|650717|9588|0
I|2602878|622834|650719|6703|0
I|2602886|641964|650721|5144|0
I|2602890|650722|650722|0|654
I|2602898|650724|650724|0|2327
I|2602902|642278|650725|2547|0
I|2602922|650730|650730|0|7114
I|2602926|644854|650731|4530|0
I|2602938|650734|650734|0|7624
I|2602946|650736|650736|0|3121
I|2602950|628136|650737|3217|0
I|2602954|650738|650738|0|6338
I|2602978|650744|650744|0|225
I|2602990|647104|650747|6147|0
I|2603002|650750|650750|0|4795
I|2603034|650758|650758|0|4466
I|2603054|619682|650763|2216|0
I|2603058|650764|650764|0|797
I|2603066|650766|650766|0|9382
