I|2475526|618238|618881|8719|0
I|2476042|619010|619010|0|9417
I|2476482|619120|619120|0|2741
I|2477422|610440|619355|3413|0
I|2477790|602812|619447|3948|0
I|2479198|612472|619799|7097|0
I|2479478|617504|619869|5081|0
I|2479606|617476|619901|7624|0
I|2479726|619430|619931|1006|0
I|2479794|619948|619948|0|9823
I|2479914|619978|619978|0|8496
I|2479918|606828|619979|4510|0
I|2480846|617986|620211|9833|0
I|2481134|613668|620283|6207|0
I|2481834|620458|620458|0|5069
I|2482130|620532|620532|0|2542
I|2482470|618952|620617|4666|0
I|2482962|620740|620740|0|4909
I|2484066|621016|621016|0|9053
I|2484538|621134|621134|0|8638
I|2484810|621202|621202|0|1855
I|2484850|621212|621212|0|71
I|2485406|616546|621351|4832|0
I|2485574|619034|621393|5550|0
I|2485758|603496|621439|588|0
I|2487066|621766|621766|0|9102
I|2487090|621772|621772|0|6211
I|2489226|622306|622306|0|8922
I|2491958|609736|622989|9278|0
I|2492310|612540|623077|5630|0
I|2492774|619534|623193|654|0
I|2492874|623218|623218|0|9953
I|2494118|615942|623529|8827|0
I|2496014|617222|624003|2342|0
I|2496566|623264|624141|4996|0
I|2496758|616498|624189|735|0
I|2497122|624280|624280|0|4482
I|2497170|624292|624292|0|7365
I|2497514|624378|624378|0|1126
I|2497678|621548|624419|513|0
I|2498058|624514|624514|0|2048
I|2498958|620038|624739|8159|0
I|2499042|624760|624760|0|749
I|2499110|623912|624777|7663|0
I|2500018|625004|625004|0|6317
I|2500290|625072|625072|0|8154
I|2500546|625136|625136|0|1686
I|2502470|623700|625617|1370|0
I|2504598|624488|626149|1516|0
I|2506630|621004|626657|1020|0
I|2507634|626908|626908|0|5135
I|2508962|627240|627240|0|1199
I|2509074|627268|627268|0|6096
I|2510150|626720|627537|3584|0
I|2510610|627652|627652|0|3671
I|2510830|615584|627707|846|0
I|2511454|624692|627863|4162|0
I|2512074|628018|628018|0|104
I|2512234|628058|628058|0|659
I|2512506|628126|628126|0|179
I|2512602|628150|628150|0|1258
I|2514058|628514|628514|0|8402
I|2514770|628692|628692|0|670
I|2515038|627106|628759|3246|0
I|2515570|628892|628892|0|4510
I|2515734|628332|628933|8996|0
I|2517862|623080|629465|7243|0
I|2517958|626610|629489|8336|0
I|2518538|629634|629634|0|3694
I|2520590|623932|630147|3636|0
I|2521170|630292|630292|0|9432
I|2522438|620922|630609|4894|0
I|2525270|625178|631317|6149|0
I|2525318|630112|631329|3584|0
I|2525866|631466|631466|0|2279
I|2526246|625892|631561|3826|0
I|2529742|614046|632435|3848|0
I|2530762|632690|632690|0|5074
I|2531966|629542|632991|6516|0
I|2532254|629088|633063|9700|0
I|2532558|631884|633139|5774|0
I|2532730|633182|633182|0|1980
I|2532858|633214|633214|0|7009
I|2534286|625128|633571|1980|0
I|2537294|625984|634323|2761|0
I|2538062|631000|634515|9020|0
I|2538098|634524|634524|0|6210
I|2539522|634880|634880|0|4197
I|2539742|634418|634935|9534|0
I|2540390|634632|635097|6930|0
I|2542762|635690|635690|0|7112
I|2543198|631380|635799|4748|0
I|2543442|635860|635860|0|7991
I|2544326|631992|636081|2636|0
I|2544738|636184|636184|0|6609
I|2547170|636792|636792|0|7084
I|2547242|636810|636810|0|3883
I|2547894|626915|636973|1008|0
I|2548146|637036|637036|0|3619
I|2548286|631842|637071|7402|0
I|2548530|637132|637132|0|8894
I|2548670|633892|637167|654|0
I|2548806|628272|637201|3115|0
I|2549110|636218|637277|7850|0
I|2549530|637382|637382|0|6066
I|2550382|637595|637595|0|7134
I|2550410|637602|637602|0|5223
I|2551806|637951|637951|0|2378
I|2553182|632038|638295|2765|0
I|2553294|632270|638323|6154|0
I|2555618|638904|638904|0|8632
I|2556842|639210|639210|0|9089
I|2558626|639656|639656|0|8572
I|2561606|638126|640401|7642|0
I|2561686|638438|640421|6973|0
I|2562034|640508|640508|0|142
I|2562238|637334|640559|7916|0
I|2563010|640752|640752|0|5032
I|2564438|636336|641109|5486|0
I|2564570|641142|641142|0|1919
I|2565610|641402|641402|0|3453
I|2565714|641428|641428|0|8025
I|2566710|621610|641677|9862|0
I|2567134|640052|641783|1584|0
I|2567642|641910|641910|0|6474
I|2567674|641918|641918|0|2417
I|2567714|641928|641928|0|2486
I|2568638|615142|642159|3815|0
I|2570418|642604|642604|0|8154
I|2570746|642686|642686|0|9727
I|2570998|620496|642749|3005|0
I|2571662|636932|642915|5021|0
I|2571694|638694|642923|5849|0
I|2572594|643148|643148|0|2860
I|2572682|643170|643170|0|8962
I|2574706|643676|643676|0|9727
I|2575438|634254|643859|6933|0
I|2575678|631306|643919|580|0
I|2576954|644238|644238|0|6302
I|2577294|634876|644323|1985|0
I|2577626|644406|644406|0|701
I|2577926|641836|644481|8941|0
I|2579426|644856|644856|0|690
I|2579730|644932|644932|0|6652
I|2580038|642630|645009|2999|0
I|2581086|607318|645271|4556|0
I|2582662|644820|645665|5455|0
I|2583166|642304|645791|4565|0
I|2583426|645856|645856|0|5743
I|2583438|640846|645859|179|0
I|2584910|645550|646227|2965|0
I|2584918|643810|646229|7709|0
I|2585530|646382|646382|0|8496
I|2585982|646495|646495|0|4533
I|2586958|645406|646739|4878|0
I|2587686|637800|646921|5357|0
I|2587902|644816|646975|2376|0
I|2588194|647048|647048|0|6332
I|2589122|647280|647280|0|200
I|2590910|640208|647727|8085|0
I|2592306|648076|648076|0|9188
I|2593190|643580|648297|3838|0
I|2593206|647810|648301|2856|0
I|2593238|645546|648309|3482|0
I|2593790|645376|648447|2282|0
I|2594870|647854|648717|9356|0
I|2594882|648720|648720|0|2452
I|2595058|648764|648764|0|2394
I|2595414|641808|648853|8011|0
I|2596074|649018|649018|0|7345
I|2596462|645690|649115|8418|0
I|2597142|620294|649285|2037|0
I|2598826|649706|649706|0|2824
I|2599630|648660|649907|7491|0
I|2600310|649258|650077|5467|0
I|2600594|650148|650148|0|2199
I|2601058|650264|650264|0|1938
I|2602050|650512|650512|0|4453
I|2602110|649982|650527|4393|0
I|2602722|650680|650680|0|8369
I|2603070|650767|650767|0|6292
I|2603082|650770|650770|0|884
I|2603090|650772|650772|0|7825
I|2603094|646568|650773|9865|0
I|2603102|648182|650775|2968|0
I|2603110|646420|650777|7833|0
I|2603118|646290|650779|289|0
I|2603122|650780|650780|0|1395
I|2603126|649220|650781|3328|0
I|2603134|643972|650783|6952|0
I|2603138|650784|650784|0|2966
I|2603142|640722|650785|1408|0
I|2603166|650714|650791|7383|0
I|2603170|650792|650792|0|1234
I|2603182|636938|650795|6515|0
I|2603186|650796|650796|0|1841
I|2603210|650802|650802|0|8014
I|2603214|646254|650803|5800|0
I|2603238|648718|650809|3912|0
I|2603246|641764|650811|6803|0
I|2603250|650812|650812|0|4566
I|2603262|634586|650815|5888|0
I|2603266|650816|650816|0|6934
I|2603270|643138|650817|4661|0
I|2603274|650818|650818|0|6919
I|2603298|650824|650824|0|4511
I|2603302|649268|650825|528|0
I|2603318|647210|650829|9984|0
I|2603322|650830|650830|0|7628
I|2603330|650832|650832|0|6535
I|2603334|640310|650833|6728|0
I|2603366|650704|650841|1809|0
I|2603370|650842|650842|0|8327
I|2603378|650844|650844|0|7315
I|2603382|647592|650845|8298|0
I|2603386|650846|650846|0|8254
I|2603390|628962|650847|4376|0
I|2603394|650848|650848|0|8762
I|2603402|650850|650850|0|6536
I|2603410|650852|650852|0|6194
I|2603414|634776|650853|9867|0
I|2603422|648006|650855|627|0
I|2603430|639362|650857|7268|0
I|2603442|650860|650860|0|9022
I|2603466|650866|650866|0|9808
I|2603482|650870|650870|0|6254
I|2603486|647276|650871|5407|0
I|2603490|650872|650872|0|3003
I|2603506|650876|650876|0|9479
I|2603510|644030|650877|8314|0
I|2603514|650878|650878|0|6536
I|2603522|650880|650880|0|8229
I|2603534|642972|650883|5761|0
I|2603546|650886|650886|0|6694
I|2603550|635778|650887|8800|0
I|2603554|650888|650888|0|5638
I|2603558|647696|650889|718|0
I|2603586|650896|650896|0|3559
I|2603606|605344|650901|2845|0
I|2603618|650904|650904|0|9703
I|2603626|650906|650906|0|5326
I|2603634|650908|650908|0|2659
I|2603646|650376|650911|4631|0
I|2603650|650912|650912|0|5682
I|2603654|640726|650913|6655|0
I|2603662|632626|650915|8558|0
I|2603690|650922|650922|0|7602
I|2603706|650926|650926|0|3965
I|2603714|650928|650928|0|4016
I|2603722|650930|650930|0|646
I|2603730|650932|650932|0|3315
I|2603734|614064|650933|7027|0
I|2603738|650934|650934|0|2570
I|2603750|645632|650937|6861|0
I|2603758|648158|650939|4004|0
I|2603762|650940|650940|0|9369
I|2603770|650942|650942|0|7749
I|2603782|634636|650945|4711|0
I|2603786|650946|650946|0|8965
I|2603790|638054|650947|1254|0
I|2603802|650950|650950|0|4831
I|2603806|646948|650951|5831|0
I|2603814|648000|650953|8768|0
I|2603830|648188|650957|3517|0
I|2603894|639586|650973|417|0
I|2603902|635160|650975|1698|0
I|2603910|635020|650977|4124|0
I|2603914|650978|650978|0|9127
I|2603922|650980|650980|0|232
I|2603926|649204|650981|9706|0
I|2603942|638120|650985|3905|0
I|2603950|634470|650987|6056|0
I|2603954|650988|650988|0|8558
I|2603962|650990|650990|0|1110
I|2603970|650992|650992|0|15
I|2603974|646548|650993|195|0
I|2603982|648312|650995|7514|0
I|2603990|648714|650997|812|0
I|2603998|632806|650999|5344|0
I|2604006|646620|651001|8773|0
I|2604030|635050|651007|9548|0
I|2604038|643546|651009|3478|0
I|2604070|634282|651017|572|0
I|2604074|651018|651018|0|1775
I|2604078|649402|651019|1368|0
I|2604106|651026|651026|0|5865
I|2604118|643182|651029|8482|0
I|2604126|641564|651031|5641|0
I|2604130|651032|651032|0|8997
I|2604134|646008|651033|5611|0
I|2604146|651036|651036|0|3059
I|2604162|651040|651040|0|8729
I|2604166|650664|651041|91|0
I|2604170|651042|651042|0|3883
I|2604174|648488|651043|8625|0
I|2604182|632140|651045|6104|0
I|2604186|651046|651046|0|2019
I|2604190|647926|651047|3062|0
I|2604194|651048|651048|0|8199
I|2604198|644550|651049|7872|0
I|2604206|649890|651051|2792|0
I|2604214|636364|651053|29|0
I|2604230|649448|651057|8050|0
I|2604238|641752|651059|8884|0
I|2604242|651060|651060|0|2464
I|2604246|644852|651061|4055|0
I|2604250|651062|651062|0|1001
I|2604258|651064|651064|0|849
I|2604266|651066|651066|0|2342
I|2604278|640502|651069|1479|0
I|2604286|647694|651071|9976|0
I|2604290|651072|651072|0|9253
I|2604298|651074|651074|0|2712
I|2604302|648222|651075|8191|0
I|2604310|645492|651077|1608|0
I|2604314|651078|651078|0|7225
I|2604318|648288|651079|5528|0
I|2604322|651080|651080|0|1493
I|2604346|651086|651086|0|9685
I|2604358|636948|651089|3791|0
I|2604370|651092|651092|0|5657
I|2604378|651094|651094|0|7944
I|2604382|649866|651095|3170|0
I|2604386|651096|651096|0|7943
I|2604390|646300|651097|2185|0
I|2604402|651100|651100|0|9605
I|2604406|632676|651101|3141|0
I|2604414|636890|651103|9549|0
I|2604418|651104|651104|0|5515
I|2604426|651106|651106|0|8627
I|2604462|628798|651115|8102|0
I|2604474|651118|651118|0|556
I|2604478|650216|651119|6937|0
I|2604482|651120|651120|0|5542
I|2604486|644046|651121|2710|0
